#Fig 3 in https://journals.aps.org/prd/abstract/10.1103/PhysRevD.90.083510
#WIMP mass (GeV/c2) #SI cross section (cm2)
0.3403 6.572e-46
0.3810 6.351e-46
0.4425 7.557e-46
0.5096 9.878e-46
0.5755 8.820e-46
0.6462 8.526e-46
0.6967 1.144e-45
0.7516 2.682e-45
0.7930 1.037e-45
0.8592 3.874e-46
0.9323 1.994e-46
1.063 1.024e-46
1.316 5.670e-47
1.712 3.958e-47
2.226 3.644e-47
2.895 3.847e-47
3.765 4.831e-47
4.657 7.750e-47
5.240 1.387e-46
5.686 3.709e-46
6.294 1.387e-46
6.780 5.587e-47
7.265 2.927e-47
7.834 1.580e-47
8.500 8.211e-48
9.280 4.214e-48
10.20 2.233e-48
11.41 1.203e-48
13.27 6.566e-49
16.52 3.611e-49
21.49 2.340e-49
27.95 1.972e-49
36.35 1.930e-49
47.28 2.015e-49
61.48 2.234e-49
79.96 2.576e-49
104.0 3.110e-49
135.2 3.710e-49
175.9 4.634e-49
228.7 5.820e-49
297.4 7.428e-49
386.8 9.572e-49
503.0 1.199e-48
654.1 1.566e-48
850.7 2.010e-48
982.3 2.355e-48